Hora      |1.Lunes   |2.Martes  |3.Miercole|4.Jueves  |5.Viernes |
6         |554411    |          |          |          |554411    |
7         |554411    |          |          |          |554411    |
8         |554411    |          |          |          |554411    |
9         |          |          |          |          |          |
10        |          |          |          |          |          |
11        |          |          |          |          |          |
12        |          |          |          |          |          |
13        |          |          |          |          |          |
14        |          |          |          |          |          |
15        |          |          |          |          |          |
16        |          |          |          |          |          |
17        |          |          |          |          |          |
18        |          |          |          |          |          |
